2 0.12354539434352727 0.6275710022451728 0.06461502138422627 0.12694166951055233 0.0
2 0.41008008461715334 0.6744209937135159 0.06461502138422626 0.12694166951055233 0.5
2 0.7046375142561508 0.6437370606196676 0.07277204437801789 0.10634923215087567 0.0
2 0.9286269151529087 0.14965088863942522 0.0646150213842262 0.1269416695105523 0.5
2 0.9285894732122327 0.759912563987427 0.0646150213842263 0.12694166951055233 0.5
14 0.4351776119797655 0.06333017938931298 0.04803862566107151 0.026018564436461607 0.75
14 0.5711403215681766 0.06360121800628647 0.04803862566107156 0.026018564436461607 0.75
14 0.665191638192688 0.06338159362370901 0.047476555759944875 0.025755309384822622 0.75
14 0.7615276325592091 0.06326444027840143 0.04747655598988276 0.025755309833857206 0.75
14 0.9544122774200965 0.5934242341715313 0.013323371579673468 0.09381229591378536 0.5
14 0.40051650574844794 0.8464121299955097 0.04803862566107151 0.02601856443646167 0.25
14 0.549437906070361 0.8466226371800629 0.048038625661071456 0.026018563987427044 0.25
14 0.14440101172683376 0.8464121299955097 0.044607955851919984 0.02601856443646167 0.75
14 0.8813520349505634 0.8466226371800629 0.044607955851919984 0.026018563987427044 0.75
15 0.18716946424465394 0.0632314961832061 0.09059553920441481 0.025821198024247864 0.0
15 0.03632523775580593 0.24813562236192185 0.016444321913083468 0.1783434620565784 0.25
2 0.5460278779029661 0.6744870345756623 0.0646150213842263 0.12694166951055222 0.0
9 0.06921131294550471 0.18904355635383924 0.04230857668429524 0.19937135159407274 0.5
7 0.22602897217751208 0.13022002694207455 0.04092894918372039 0.08172429277054333 0.25
11 0.40492067141871696 0.16412213740458015 0.08645665670269027 0.14952851369555456 0.0
10 0.5892159117038399 0.1396497530309834 0.05173603127155668 0.10058374494836102 0.0
10 0.5892159117038399 0.46519982038616975 0.05173603127155668 0.10058374494836102 0.0
0 0.820073580133364 0.37292321508756177 0.05219590710508163 0.101930848675348 0.75
1 0.8305357553460566 0.5154916928603502 0.07312025753046678 0.0916030534351145 0.5
7 0.8905495516210623 0.36192186798383474 0.04184870085077029 0.07992815446789403 0.0
4 0.8859507932858128 0.48899865289627303 0.032651184180271325 0.08262236192186799 0.0
12 0.6964819498735342 0.20004490345756623 0.10117268337548861 0.19802424786708578 0.0
10 0.6716486548631869 0.7622361921867984 0.051506093354794204 0.10103277952402336 0.0
6 0.5600137962750057 0.7622361921867984 0.06001379627500575 0.057925460260440056 0.75
7 0.3453667509772361 0.7705433318365514 0.04092894918372039 0.08172429277054333 0.75
0 0.1302598298459416 0.746519982038617 0.05219590710508163 0.101930848675348 0.25
5 0.7706369280294321 0.7364167040862146 0.08760634628650264 0.060170633138751685 0.75