2 0.12354539434352727 0.6275710022451728 0.06461502138422627 0.12694166951055233 0.0
2 0.41008008461715334 0.6744209937135159 0.06461502138422626 0.12694166951055233 0.5
2 0.7046375142561508 0.6437370606196676 0.07277204437801789 0.10634923215087567 0.0
2 0.9286269151529087 0.14965088863942522 0.0646150213842262 0.1269416695105523 0.5
2 0.9285894732122327 0.759912563987427 0.0646150213842263 0.12694166951055233 0.5
14 0.4351776119797655 0.06333017938931298 0.04803862566107151 0.026018564436461607 0.75
14 0.5711403215681766 0.06360121800628647 0.04803862566107156 0.026018564436461607 0.75
14 0.665191638192688 0.06338159362370901 0.047476555759944875 0.025755309384822622 0.75
14 0.7615276325592091 0.06326444027840143 0.04747655598988276 0.025755309833857206 0.75
14 0.9544122774200965 0.5934242341715313 0.013323371579673468 0.09381229591378536 0.5
14 0.40051650574844794 0.8464121299955097 0.04803862566107151 0.02601856443646167 0.25
14 0.549437906070361 0.8466226371800629 0.048038625661071456 0.026018563987427044 0.25
14 0.14440101172683376 0.8464121299955097 0.044607955851919984 0.02601856443646167 0.75
14 0.8813520349505634 0.8466226371800629 0.044607955851919984 0.026018563987427044 0.75
15 0.18716946424465394 0.0632314961832061 0.09059553920441481 0.025821198024247864 0.0
15 0.03632523775580593 0.24813562236192185 0.016444321913083468 0.1783434620565784 0.25
2 0.5460278779029661 0.6744870345756623 0.0646150213842263 0.12694166951055222 0.0
0 0.0741549781558979 0.14032330489447686 0.05219590710508163 0.101930848675348 0.0
11 0.2537364911473902 0.17377638078132016 0.07656932628190388 0.16883700044903457 0.25
5 0.42262589100942743 0.174898967220476 0.030811680846171533 0.1710821733273462 0.0
10 0.5789836744079099 0.13987427031881455 0.051506093354794204 0.10103277952402336 0.0
6 0.5680616233616923 0.4739559946115851 0.029661991262359164 0.11719802424786709 0.0
8 0.8171993561738331 0.3722496632240683 0.04644745918601977 0.10058374494836102 0.25
7 0.8144401011726834 0.5092052088010777 0.04092894918372039 0.08172429277054333 0.25
4 0.880202345366751 0.36326897171082173 0.032651184180271325 0.08262236192186799 0.0
4 0.8850310416187629 0.4822631342613381 0.04230857668429524 0.06376290974405029 0.75
13 0.6653253621522189 0.1852267624607095 0.038859507932858126 0.16838796587337224 0.75
1 0.7312025753046677 0.1724292770543332 0.04690733501954472 0.14279299506061965 0.75
10 0.7336169234306738 0.33902110462505614 0.05173603127155668 0.10058374494836102 0.0
0 0.6719935617383307 0.7626852267624608 0.05219590710508163 0.101930848675348 0.25
4 0.5511611864796505 0.7651549169286035 0.04230857668429524 0.06376290974405029 0.75
7 0.3453667509772361 0.7705433318365514 0.04092894918372039 0.08172429277054333 0.75
4 0.4017015405840423 0.7709923664122137 0.032651184180271325 0.08262236192186799 0.0
10 0.13002989192917913 0.7458464301751235 0.05173603127155668 0.10058374494836102 0.0
6 0.7568406530236836 0.7352941176470589 0.06001379627500575 0.057925460260440056 0.75