2 0.12354539434352727 0.6275710022451728 0.06461502138422627 0.12694166951055233 0.0
2 0.41008008461715334 0.6744209937135159 0.06461502138422626 0.12694166951055233 0.5
2 0.7046375142561508 0.6437370606196676 0.07277204437801789 0.10634923215087567 0.0
2 0.9286269151529087 0.14965088863942522 0.0646150213842262 0.1269416695105523 0.5
2 0.9285894732122327 0.759912563987427 0.0646150213842263 0.12694166951055233 0.5
14 0.4351776119797655 0.06333017938931298 0.04803862566107151 0.026018564436461607 0.75
14 0.5711403215681766 0.06360121800628647 0.04803862566107156 0.026018564436461607 0.75
14 0.665191638192688 0.06338159362370901 0.047476555759944875 0.025755309384822622 0.75
14 0.7615276325592091 0.06326444027840143 0.04747655598988276 0.025755309833857206 0.75
14 0.9544122774200965 0.5934242341715313 0.013323371579673468 0.09381229591378536 0.5
14 0.40051650574844794 0.8464121299955097 0.04803862566107151 0.02601856443646167 0.25
14 0.549437906070361 0.8466226371800629 0.048038625661071456 0.026018563987427044 0.25
14 0.14440101172683376 0.8464121299955097 0.044607955851919984 0.02601856443646167 0.75
14 0.8813520349505634 0.8466226371800629 0.044607955851919984 0.026018563987427044 0.75
15 0.18716946424465394 0.0632314961832061 0.09059553920441481 0.025821198024247864 0.0
15 0.03632523775580593 0.24813562236192185 0.016444321913083468 0.1783434620565784 0.25
2 0.5460278779029661 0.6744870345756623 0.0646150213842263 0.12694166951055222 0.0
10 0.07392504023913543 0.1396497530309834 0.05173603127155668 0.10058374494836102 0.0
13 0.09117038399632099 0.4528513695554558 0.0862267187859278 0.0758868432869331 0.5
8 0.24074499885031042 0.1347103726986978 0.051506093354794204 0.09070498428378986 0.0
10 0.24074499885031042 0.4555455770094297 0.051506093354794204 0.10103277952402336 0.0
12 0.4323982524718326 0.1881454872025146 0.1014026212922511 0.19757521329142344 0.0
11 0.8372039549321683 0.396722047597665 0.08645665670269027 0.14952851369555456 0.5
8 0.6691193377787997 0.15132465199820386 0.04644745918601977 0.10058374494836102 0.0
4 0.6622212002759255 0.28783116299955097 0.032651184180271325 0.08262236192186799 0.0
9 0.7364911473902046 0.20071845532105972 0.04230857668429524 0.19937135159407274 0.0
6 0.6759025063232927 0.7406825325550067 0.06001379627500575 0.057925460260440056 0.75
5 0.5738100712807542 0.7633587786259542 0.08760634628650264 0.060170633138751685 0.25
7 0.3458266268107611 0.7696452626852268 0.04184870085077029 0.07992815446789403 0.0
10 0.12991492297079787 0.7460709474629547 0.051506093354794204 0.10103277952402336 0.0