2 0.12354539434352727 0.6275710022451728 0.06461502138422627 0.12694166951055233 0.0
2 0.41008008461715334 0.6744209937135159 0.06461502138422626 0.12694166951055233 0.5
2 0.7046375142561508 0.6437370606196676 0.07277204437801789 0.10634923215087567 0.0
2 0.9286269151529087 0.14965088863942522 0.0646150213842262 0.1269416695105523 0.5
2 0.9285894732122327 0.759912563987427 0.0646150213842263 0.12694166951055233 0.5
14 0.4351776119797655 0.06333017938931298 0.04803862566107151 0.026018564436461607 0.75
14 0.5711403215681766 0.06360121800628647 0.04803862566107156 0.026018564436461607 0.75
14 0.665191638192688 0.06338159362370901 0.047476555759944875 0.025755309384822622 0.75
14 0.7615276325592091 0.06326444027840143 0.04747655598988276 0.025755309833857206 0.75
14 0.9544122774200965 0.5934242341715313 0.013323371579673468 0.09381229591378536 0.5
14 0.40051650574844794 0.8464121299955097 0.04803862566107151 0.02601856443646167 0.25
14 0.549437906070361 0.8466226371800629 0.048038625661071456 0.026018563987427044 0.25
14 0.14440101172683376 0.8464121299955097 0.044607955851919984 0.02601856443646167 0.75
14 0.8813520349505634 0.8466226371800629 0.044607955851919984 0.026018563987427044 0.75
15 0.18716946424465394 0.0632314961832061 0.09059553920441481 0.025821198024247864 0.0
15 0.03632523775580593 0.24813562236192185 0.016444321913083468 0.1783434620565784 0.25
2 0.5460278779029661 0.6744870345756623 0.0646150213842263 0.12694166951055222 0.0
8 0.0738100712807542 0.1347103726986978 0.051506093354794204 0.09070498428378986 0.0
4 0.06438261669349275 0.44634036820835205 0.032651184180271325 0.08262236192186799 0.0
1 0.2513221430213842 0.13515940727436013 0.07312025753046678 0.0916030534351145 0.0
8 0.2379857438491607 0.4562191288729232 0.04644745918601977 0.10058374494836102 0.0
0 0.429179121637158 0.14032330489447686 0.05219590710508163 0.101930848675348 0.5
5 0.44688434122786846 0.44634036820835205 0.08760634628650264 0.060170633138751685 0.75
8 0.5962290181650954 0.1347103726986978 0.051506093354794204 0.09070498428378986 0.5
8 0.8197286732582203 0.3673102828917827 0.051506093354794204 0.09070498428378986 0.5
9 0.8450218441020925 0.4997754827121688 0.10209243504253851 0.08262236192186799 0.25
1 0.6693492756955622 0.1724292770543332 0.04690733501954472 0.14279299506061965 0.75
5 0.6896987813290412 0.31881454872025144 0.08760634628650264 0.060170633138751685 0.25
8 0.6716486548631869 0.7570722945666817 0.051506093354794204 0.09070498428378986 0.0
4 0.34605656472752355 0.7615626403233049 0.04230857668429524 0.06376290974405029 0.25
4 0.40308116808461714 0.7709923664122137 0.032651184180271325 0.08262236192186799 0.0
7 0.12462635088526099 0.7364167040862146 0.04092894918372039 0.08172429277054333 0.25
5 0.7706369280294321 0.7364167040862146 0.08760634628650264 0.060170633138751685 0.25