2 0.12354539434352727 0.6275710022451728 0.06461502138422627 0.12694166951055233 0.0
2 0.41008008461715334 0.6744209937135159 0.06461502138422626 0.12694166951055233 0.5
2 0.7046375142561508 0.6437370606196676 0.07277204437801789 0.10634923215087567 0.0
2 0.9286269151529087 0.14965088863942522 0.0646150213842262 0.1269416695105523 0.5
2 0.9285894732122327 0.759912563987427 0.0646150213842263 0.12694166951055233 0.5
14 0.4351776119797655 0.06333017938931298 0.04803862566107151 0.026018564436461607 0.75
14 0.5711403215681766 0.06360121800628647 0.04803862566107156 0.026018564436461607 0.75
14 0.665191638192688 0.06338159362370901 0.047476555759944875 0.025755309384822622 0.75
14 0.7615276325592091 0.06326444027840143 0.04747655598988276 0.025755309833857206 0.75
14 0.9544122774200965 0.5934242341715313 0.013323371579673468 0.09381229591378536 0.5
14 0.40051650574844794 0.8464121299955097 0.04803862566107151 0.02601856443646167 0.25
14 0.549437906070361 0.8466226371800629 0.048038625661071456 0.026018563987427044 0.25
14 0.14440101172683376 0.8464121299955097 0.044607955851919984 0.02601856443646167 0.75
14 0.8813520349505634 0.8466226371800629 0.044607955851919984 0.026018563987427044 0.75
15 0.18716946424465394 0.0632314961832061 0.09059553920441481 0.025821198024247864 0.0
15 0.03632523775580593 0.24813562236192185 0.016444321913083468 0.1783434620565784 0.25
2 0.5460278779029661 0.6744870345756623 0.0646150213842263 0.12694166951055222 0.0
7 0.06898137502874224 0.1293219577907499 0.04184870085077029 0.07992815446789403 0.0
1 0.07151069211312945 0.46564885496183206 0.04690733501954472 0.14279299506061965 0.25
1 0.22855828926189928 0.1607543780871127 0.04690733501954472 0.14279299506061965 0.25
12 0.4177971947574155 0.18837000449034574 0.10117268337548861 0.19802424786708578 0.0
5 0.5989882731662451 0.174898967220476 0.030811680846171533 0.1710821733273462 0.0
10 0.8198436422166016 0.3722496632240683 0.05173603127155668 0.10058374494836102 0.0
5 0.884571165785238 0.40749887741356083 0.030811680846171533 0.1710821733273462 0.5
8 0.6716486548631869 0.14638527166591828 0.051506093354794204 0.09070498428378986 0.0
9 0.6969418257070591 0.2779524023349798 0.10209243504253851 0.08262236192186799 0.75
0 0.6719935617383307 0.7626852267624608 0.05219590710508163 0.101930848675348 0.0
7 0.550931248562888 0.7732375392905254 0.04184870085077029 0.07992815446789403 0.5
4 0.3412278684755116 0.7709923664122137 0.032651184180271325 0.08262236192186799 0.0
7 0.39802253391584275 0.7696452626852268 0.04184870085077029 0.07992815446789403 0.5
4 0.1253161646355484 0.7274360125729681 0.04230857668429524 0.06376290974405029 0.75