2 0.12354539434352727 0.6275710022451728 0.06461502138422627 0.12694166951055233 0.0
2 0.41008008461715334 0.6744209937135159 0.06461502138422626 0.12694166951055233 0.5
2 0.7046375142561508 0.6437370606196676 0.07277204437801789 0.10634923215087567 0.0
2 0.9286269151529087 0.14965088863942522 0.0646150213842262 0.1269416695105523 0.5
2 0.9285894732122327 0.759912563987427 0.0646150213842263 0.12694166951055233 0.5
14 0.4351776119797655 0.06333017938931298 0.04803862566107151 0.026018564436461607 0.75
14 0.5711403215681766 0.06360121800628647 0.04803862566107156 0.026018564436461607 0.75
14 0.665191638192688 0.06338159362370901 0.047476555759944875 0.025755309384822622 0.75
14 0.7615276325592091 0.06326444027840143 0.04747655598988276 0.025755309833857206 0.75
14 0.9544122774200965 0.5934242341715313 0.013323371579673468 0.09381229591378536 0.5
14 0.40051650574844794 0.8464121299955097 0.04803862566107151 0.02601856443646167 0.25
14 0.549437906070361 0.8466226371800629 0.048038625661071456 0.026018563987427044 0.25
14 0.14440101172683376 0.8464121299955097 0.044607955851919984 0.02601856443646167 0.75
14 0.8813520349505634 0.8466226371800629 0.044607955851919984 0.026018563987427044 0.75
15 0.18716946424465394 0.0632314961832061 0.09059553920441481 0.025821198024247864 0.0
15 0.03632523775580593 0.24813562236192185 0.016444321913083468 0.1783434620565784 0.25
2 0.5460278779029661 0.6744870345756623 0.0646150213842263 0.12694166951055222 0.0
9 0.09910324212462635 0.13066906151773686 0.10209243504253851 0.08262236192186799 0.75
11 0.30857668429524027 0.16412213740458015 0.08645665670269027 0.14952851369555456 0.0
7 0.48746838353644517 0.13022002694207455 0.04092894918372039 0.08172429277054333 0.75
1 0.49045757645435734 0.46744499326448136 0.04690733501954472 0.14279299506061965 0.25
4 0.8103012186709588 0.36326897171082173 0.032651184180271325 0.08262236192186799 0.0
0 0.820073580133364 0.501347103726987 0.05219590710508163 0.101930848675348 0.0
1 0.8735341457806393 0.3933542882801976 0.04690733501954472 0.14279299506061965 0.25
9 0.6670498965279374 0.20071845532105972 0.04230857668429524 0.19937135159407274 0.0
6 0.726028972177512 0.1596317916479569 0.029661991262359164 0.11719802424786709 0.5
6 0.726028972177512 0.3217332734620566 0.029661991262359164 0.11719802424786709 0.0
6 0.6759025063232927 0.7406825325550067 0.06001379627500575 0.057925460260440056 0.75
5 0.5738100712807542 0.7633587786259542 0.08760634628650264 0.060170633138751685 0.75
7 0.3458266268107611 0.7696452626852268 0.04184870085077029 0.07992815446789403 0.0
6 0.13416877443090366 0.724517287831163 0.06001379627500575 0.057925460260440056 0.25
5 0.7706369280294321 0.7364167040862146 0.08760634628650264 0.060170633138751685 0.25